PAISES              H.1    H.2    H.3    H.4    H.5    H.6    H.7    I.1   I.2   I.3   I.4   I.5   I.6   I.7   R.1  R.2  R.3  R.4  R.5  R.6  R.7  F.1  F.2  F.3  F.4  F.5  F.6  F.7  
India               124314 341414 132121 243524 234323 213232 263957 21324 43523 21342 21342 23232 32323 13221 4564 3545 3124 8757 2875 8014 2311 212  345  545  344  546  433  435  
China               123212 231424 212121 113232 121212 123423 172536 43313 24554 23122 21212 31231 43434 13121 1856 1895 3875 1478 8757 4570 5879 232  767  545  233  232  232  343  
Estados Unidos      231233 121332 122336 213212 234231 234544 123213 44355 52443 21312 21212 32322 43434 13123 1485 2311 9467 9672 1478 3124 1856 213  567  565  675  545  655  535  
Indonesia           213212 232213 213355 323422 232311 212356 324133 25355 24422 32432 32321 23213 12313 42331 2425 5879 8457 8754 9672 3875 3978 435  324  342  234  324  343  432  
Pakistan            323321 343322 323246 142532 232323 123233 342423 52566 13231 34322 21332 43243 32323 32212 2875 1856 4564 3543 8754 9467 6418 625  342  453  342  543  432  533  
Nigeria             123213 213232 556443 245142 213213 122321 212132 35257 31421 12132 21213 43234 32323 32212 8757 3978 1856 2145 3543 4512 2875 432  344  455  755  434  454  234  
Brasil              123122 232321 435566 312323 134322 432232 324324 13245 21322 32232 21312 32323 24152 21211 1478 6418 1485 1584 4564 6850 8757 545  565  876  765  455  547  675  
Bangladesh          321232 324232 233433 213212 234342 123232 121232 67765 13123 24132 21221 43243 13213 32121 9672 2013 2425 9673 1856 2103 1478 234  432  534  344  545  455  455  
Rusia               312322 323112 354333 125342 132342 213133 342424 34656 13131 21324 21324 42343 21321 22121 8754 3520 2875 4234 1485 4805 9672 432  344  535  565  777  474  234  
Mexico              123232 332232 823635 121232 242613 313213 324243 34543 21323 23121 31424 32323 21322 12111 3543 4512 8757 5430 2425 9021 8754 343  323  543  343  344  554  873  
Japon               123212 231532 253633 213321 324324 123213 233232 62632 23232 21343 21332 32323 23212 21312 2145 6850 1478 4160 2875 3421 3543 232  234  654  676  988  987  654  
Filipinas           213212 231423 324223 142324 432432 213213 213212 73537 21424 21321 21323 32323 32132 23121 1584 2103 9672 8014 8757 3051 8457 323  232  323  534  675  986  345  
Egipto              232122 121323 234223 121332 432432 213123 132132 71527 13222 21332 32321 23134 31312 42311 9673 4805 8754 4570 1478 3124 4564 323  322  432  646  564  878  576  
Etiopia             413142 134322 121223 212122 213213 132323 132232 32416 53321 34221 21323 32324 32131 21221 4234 9021 3543 3124 9672 3875 1856 635  323  546  435  789  785  456  
Vietnam             121211 123432 323444 322312 432433 132323 132423 31425 43223 21312 12123 13423 32132 32322 7857 7301 7241 3875 4570 9467 1485 436  987  234  897  875  678  324  
R. D. del Congo     213212 213323 323232 121223 121323 231322 343222 12313 34354 23213 12313 23232 32132 32321 2134 5430 3504 9467 3124 8457 2425 866  575  523  675  547  875  546  
Iran                212313 133422 233525 442443 132112 321322 213223 32533 22324 21343 23222 13123 31232 21312 2345 4160 9152 4512 3875 4564 2875 454  768  123  345  675  987  454  
Turquia             434223 112322 243525 342334 121213 142322 132133 32553 12233 21313 32334 23243 32123 32212 6435 8014 5023 6850 9467 1856 8757 435  545  342  686  456  675  567  
Alemania            313142 343322 231231 423242 432322 213213 312232 28566 24323 44233 32432 32432 13132 31212 7846 4570 4210 2103 4512 1485 1478 435  765  434  765  435  875  768  
Tailandia           231422 121332 223322 323433 241232 321321 132423 13646 24344 41313 12121 43234 11211 32322 4575 3124 3545 4805 6850 1478 9672 535  776  123  789  576  875  345  
Reino Unido         313242 123432 324215 432321 234424 213232 213123 25373 42232 22132 32334 32323 21212 41222 3124 3875 1895 9021 2103 9672 8754 876  455  434  345  898  765  546  
Francia             423142 213233 231423 432423 121323 312321 312313 75124 42132 13231 13243 53454 23211 12212 3875 9467 2311 7301 4805 8754 3543 675  454  211  564  976  542  354  
Italia              423142 213132 231232 342254 213122 423412 213223 26152 31232 21323 32332 21454 21223 21221 9467 4512 5879 8757 9021 3543 7241 897  545  765  435  567  876  657  
Sudafrica           431324 121232 123124 453454 232121 223132 232323 23453 31224 32322 22133 21321 23132 32332 8457 6850 1856 2134 3421 7241 3504 675  645  879  543  879  986  435  
Tanzania            212123 132321 432322 323434 253324 231312 232322 21334 54251 23432 31212 21321 12322 32323 4564 2103 3978 2345 3051 3504 9467 453  434  675  567  897  656  565  
Birmania            121232 123322 234324 542432 242123 123132 132423 13674 31212 43223 13212 32312 21312 23123 1856 4805 6418 6435 6080 9152 4512 893  545  877  355  657  785  345  
Corea del Sur       121212 132232 342434 322123 232244 213123 123213 23534 13243 13124 21321 32131 31113 32243 1485 9021 2013 7846 9057 5023 6850 893  434  908  543  980  876  545  
Colombia            132121 132232 123425 432422 213212 213121 232122 43564 23213 32312 12322 21321 23123 34243 2425 7301 3520 4575 1485 2311 7846 873  323  786  876  878  875  767  
Kenia               323123 132133 232342 122333 121213 123213 233233 34245 21231 13231 12132 12321 31211 32313 2875 8757 9673 3124 2425 5879 4575 562  543  654  767  987  986  564  
España             132425 423253 324234 323214 231323 213132 421321 25755 42112 13112 13242 21321 32112 32323 8757 1478 4234 3875 2875 1856 3124 324  343  546  545  908  785  654  
Argentina           214231 232435 423433 313222 213212 213123 213221 85334 21322 32122 32432 31321 21232 31213 1478 9672 7857 9467 8757 3978 3875 456  544  456  343  765  875  765  
Sudan               232342 242322 224321 312311 121323 231232 131322 23455 21322 13232 21213 31321 31221 21121 9672 8754 2134 8457 1478 6418 9467 783  342  654  432  676  875  745  
Argelia             222321 234244 343234 562342 231212 231332 213322 24434 34221 21322 12333 21321 21213 32112 8754 3543 2345 4160 9672 2013 8457 983  323  546  343  546  542  435  
Ucrania             212232 132432 231232 232453 221231 213122 123223 21332 34231 13312 32324 23112 32323 12323 3543 9467 6435 8014 8014 1485 4570 687  453  654  342  890  875  657  
Uganda              223432 323214 234533 323215 213122 213211 213123 13542 23234 31231 23234 23132 21221 23221 2145 8457 7846 4570 4570 2425 9152 783  122  546  434  786  966  345  
Irak                223323 213232 237253 223311 213212 121232 123132 13132 23242 12312 24232 22132 12132 13232 1584 4564 4160 8754 9152 2875 5023 903  725  456  343  657  653  546  
Polonia             112223 324322 243526 231432 342321 231323 123223 31321 54222 31231 21232 54544 13212 13121 9673 1856 8014 3543 5023 8757 4210 644  212  456  434  857  647  547  
Canada              112123 123322 212456 322132 123123 213123 123213 23343 21312 31212 32324 43543 33221 31212 4234 1485 4570 2145 4210 1478 3545 999  343  345  423  349  875  756  
Marruecos           326242 134322 321625 422354 213221 231223 123232 24535 13223 13312 34243 32423 12131 31213 7857 2425 9152 1584 3545 9672 1895 444  432  432  344  986  674  435  
Arabia Saudita      231725 212123 223432 432422 231321 211113 213312 32142 12313 21232 12312 34232 31212 21212 2134 2875 5023 9673 1895 8754 2311 232  324  434  324  785  657  456  
Uzbekistan          342858 323232 112323 543242 213223 131221 221321 23152 12321 12121 32332 32323 21331 21213 2345 8757 4210 4234 2311 3543 5879 576  234  656  434  987  783  546  
Malasia             254782 343222 353826 212132 321321 131232 213232 42314 43432 21214 32323 32322 12122 21312 6435 1478 3545 9152 5879 2145 1856 454  231  342  343  786  435  467  
Afganistan          342514 212123 223246 121332 211321 131322 321312 21426 21321 12132 43143 23122 12112 12121 7846 9672 1895 5023 1856 1856 3240 343  121  675  343  869  345  877  
Peru                239574 112212 282635 213212 213221 123213 231231 32523 24321 34242 42343 32322 32323 13412 4575 8754 2311 4210 3978 3978 6348 676  454  534  243  872  453  654  
Venezuela           243625 232323 273537 213321 312212 231232 432321 42314 31242 31232 32323 23232 32123 21212 3124 3543 5879 3545 9152 6418 9051 898  534  455  433  897  324  678  
Angola              325283 232232 152435 132322 121322 213322 321322 23141 24231 23122 32323 43243 12121 32321 3875 2145 1856 1895 5023 2875 2473 454  232  534  434  908  646  654  
Ghana               235476 212232 342535 132132 212322 123223 321312 31214 13122 12332 32323 23132 31232 23232 9467 1584 3978 2311 4210 8757 2145 434  223  534  543  387  867  345  
Mozambique          214365 232232 241525 121233 212323 232133 213133 31324 23213 21212 32323 43423 12121 21233 8457 9673 6418 5879 3545 1478 3543 556  313  454  545  873  345  657  
Nepal               124321 222223 242316 212123 123122 213111 213123 12232 21313 32322 43232 43234 31222 21213 4564 4234 2013 1856 1895 9672 2145 435  546  564  876  678  867  567  
Yemen               234212 231232 133245 323234 123232 312312 213231 13242 21321 32121 32344 45334 11212 12121 4564 4234 2013 1856 1895 9672 2145 243  377  590  340  416  282  353  
Costa de Marfil     66475  98108  121955 95144  52463  80544  73174  28541 60174 84021 57210 14529 42610 35240 1485 5023 1856 1485 5879 1895 9673 567  701  914  664  740  606  677  
Madagascar          96396  69790  96396  98108  95144  61414  66249  58462 31856 58462 60174 57210 23480 28315 2425 4210 1485 2425 1856 2311 4234 234  368  581  331  407  273  344  
Australia           112547 53180  112547 69790  105175 105175 66475  74613 15246 74613 31856 67241 67241 28541 2875 3545 2425 2875 3978 5879 5430 965  482  695  850  521  387  458  
Corea del Norte     62694  131184 62694  53180  74718  52463  96396  24760 93250 24760 15246 36784 14529 58462 8757 1895 2875 8757 6418 1856 4160 754  888  951  851  777  643  714  
Camerun             75676  106354 75676  131184 112465 106444 112547 37742 68420 37742 93250 74531 68510 74613 1478 2311 8757 1478 2013 3978 8014 613  747  840  710  666  532  603  
R. de China         61414  52463  61414  106354 96337  135574 62694  23480 14529 23480 68420 58403 97640 24760 9672 5879 1478 9672 3520 6418 4570 245  379  592  342  418  284  355  
Niger               105175 106444 74454  62789  62770  66249  75676  67241 68510 36520 24855 24836 28315 37742 8754 1856 9672 8754 1452 2013 1485 378  512  725  475  551  417  488  
Sri Lanka           74718  135574 62694  54291  95144  106384 98108  36784 97640 24760 16357 57210 68450 60174 3543 3978 8754 3543 8610 3520 2013 164  298  511  261  337  203  274  
Burkina Faso        112465 66249  75676  86135  66475  135214 69790  74531 28315 37742 48201 28541 97280 31856 2145 6418 3543 1478 2013 4891 3520 273  407  620  370  446  312  383  
Mali                50826  106384 61414  99666  96396  72438  53180  12892 68450 23480 61732 58462 34504 15246 1584 2875 2145 9672 1485 2341 1452 451  585  798  548  624  490  561  
Chile               129684 96337  105175 61390  112547 133121 62694  91750 58403 67241 23456 74613 95187 24760 9673 8757 1584 8754 2425 6954 8610 967  851  915  571  741  607  678  
Rumania             99438  62770  52463  121966 62694  52463  75676  61504 24836 14529 84032 24760 14529 37742 4234 1478 3124 3543 2875 1478 2013 324  458  671  421  497  363  434  
Kazajistan          135214 95144  106444 98108  75676  106444 61414  97280 57210 68510 60174 37742 68510 23480 7857 9672 3875 2145 8757 9672 1485 158  292  505  255  331  197  268  
Malaui              72438  105175 135574 69790  61414  75676  74454  34504 67241 97640 31856 23480 37742 36520 2134 8754 9467 1584 1478 8754 2425 734  868  750  831  576  442  513  
Zambia              133121 74718  66249  53180  62694  61414  66249  95187 36784 28315 15246 24760 23480 28315 2345 3543 8457 9673 9672 3543 6274 159  293  506  256  332  198  269  
Ecuador             88177  112465 106384 131184 75676  105175 106384 50243 74531 68450 93250 37742 67241 68450 6435 2145 4564 4234 8754 2145 9672 375  509  722  472  548  414  485  
Siria               134494 50826  69790  106354 61414  66249  96337  96560 12892 31856 68420 23480 28315 58403 7846 1584 1856 5430 3543 1584 8754 642  776  989  739  815  681  752  
Paises Bajos        87799  129684 53180  52463  74454  106384 62770  49865 91750 15246 14529 36520 68450 24836 4575 9673 1485 4160 2145 9673 3543 834  968  681  931  507  373  444  
Guatemala           77339  99438  131184 106444 98108  96337  95144  39405 61504 93250 68510 60174 58403 57210 3124 4234 2425 8014 5879 4234 7241 162  296  509  259  335  201  272  
Senegal             125535 135214 106354 135574 69790  62770  105175 87601 97280 68420 97640 31856 24836 67241 3875 7857 2875 4570 1856 5430 3504 624  758  971  721  797  663  734  
Chad                74454  72438  62789  66249  53180  95144  102054 36520 34504 24855 28315 15246 57210 64120 9467 2134 1478 3124 3978 4160 9152 273  407  620  370  446  312  383  
Somalia             52463  133121 133054 106384 131184 96396  52463  14529 95187 95120 68450 93250 58462 14529 8457 2345 9672 6435 6418 8014 5023 728  862  913  825  739  605  676  
Camboya             106444 52463  52463  96337  106354 112547 106444 68510 14529 14529 58403 68420 74613 68510 4564 6435 8014 7846 2013 4570 2311 537  671  884  634  710  576  647  
Zimbabue            135574 106444 106444 79169  62789  62694  135574 97640 68510 68510 41235 24855 24760 97640 1856 7846 4570 4575 3520 3124 5879 243  377  590  340  416  282  353  
Sudan del Sur       66249  135574 135574 50826  66475  119544 66249  28315 97640 97640 12892 28541 81610 28315 1485 4575 9152 3124 1584 1485 1856 567  701  914  664  740  606  677  
Ruanda              106384 66249  66249  129684 62694  74718  106384 68450 28315 28315 91750 24760 36784 68450 2425 7846 5023 3875 3875 2425 3978 234  368  581  331  407  273  344  
Guinea              96337  106384 66475  99438  75676  112465 135214 58403 68450 28541 61504 37742 74531 97280 2875 4575 4210 9467 9467 2875 6418 965  714  927  641  753  619  690  
Benin               62770  96337  96396  135214 61414  50826  72438  24836 58403 58462 97280 23480 12892 34504 8757 3124 3545 8457 8457 8757 4564 754  888  940  851  766  632  703  
Tunez               95144  62770  112547 72438  105175 129684 133121 57210 24836 74613 34504 67241 91750 95187 1478 3875 1895 4564 4564 1478 1563 243  377  590  340  416  282  353  
Haiti               74774  95144  62694  133121 52463  99438  52463  36840 57210 24760 95187 14529 61504 14529 9672 9467 2311 1856 1856 9672 7958 567  701  914  664  740  606  677  
Bolivia             129188 98108  75676  52463  106444 135214 106444 91254 60174 37742 14529 68510 97280 68510 8754 8457 5879 1478 1485 3543 4321 234  368  581  331  407  273  344  
Belgica             73755  69790  61414  106444 135574 75676  119544 35821 31856 23480 68510 97640 37742 81610 3543 5023 1856 9672 2425 2145 5878 965  571  784  820  610  476  547  
Burundi             54291  53180  74454  135574 66249  61414  62694  16357 15246 36520 97640 28315 23480 24760 2145 4210 3978 8754 2875 1584 1457 754  888  896  851  722  588  659  
Cuba                86135  131184 62694  66249  106384 88177  75676  48201 93250 24760 28315 68450 50243 37742 1584 3545 6418 1478 8757 9673 2013 451  585  798  548  624  490  561  
Jordania            99666  106354 75676  106384 52463  134494 61414  61732 68420 37742 68450 14529 96560 23480 9673 1895 2013 9672 1478 4234 6510 967  471  684  430  510  376  447  
Grecia              61390  62789  61414  96337  106444 87799  74454  23456 24855 23480 58403 68510 49865 36520 4234 2311 3520 8754 9672 5430 2013 324  821  980  691  806  672  743  
R. Checa            121966 133054 105175 62770  135574 77339  99438  84032 95120 67241 24836 97640 39405 61504 7857 5879 1584 3543 8754 4160 1485 158  292  505  255  331  197  268  
R. Dominicana       98108  52463  50464  95144  66249  125535 135214 60174 14529 12530 57210 28315 87601 97280 2345 3978 4234 1584 2145 4570 2875 734  868  943  831  769  635  706  
Suecia              69790  106444 96337  105175 106384 106354 75676  31856 68510 58403 67241 68450 68420 37742 6435 6418 7857 9673 3520 1485 8757 159  293  506  256  332  198  269  
Portugal            53180  135574 50826  74718  135574 62789  61414  15246 97640 12892 36784 97640 24855 23480 7846 2013 2134 4234 1584 6418 1478 375  509  722  472  548  414  485  
Azerbaiyan          131184 66249  129684 112465 66249  133054 105175 93250 28315 91750 74531 28315 95120 67241 4575 3520 1478 5430 9673 2013 9672 642  776  989  739  815  681  752  
Emiratos Arabes U.  106354 106384 99438  50826  106384 52463  52463  68420 68450 61504 12892 68450 14529 14529 3124 4856 9672 4160 4234 3520 8754 834  968  762  931  588  454  525  
Hungria             62789  96337  135214 129684 96337  106444 106444 24855 58403 97280 91750 58403 68510 68510 3875 2425 8754 8014 3124 4856 3543 162  296  509  259  335  201  272  
Tayikistan          133054 135574 72438  96396  96337  96396  135574 95120 97640 34504 58462 58403 58462 97640 9467 2875 3543 4570 4562 2425 2145 624  758  971  721  797  663  734  
Bielorrusia         97654  66249  133121 112547 62770  112547 66249  59720 28315 95187 74613 24836 74613 28315 8457 8757 2145 2145 5031 2875 6950 273  407  620  370  446  312  383  
Honduras            68351  112465 52463  62694  95144  62694  106384 30417 74531 14529 24760 57210 24760 68450 4564 1478 1584 3543 9152 8757 5647 728  862  950  825  776  642  713  
Israel              77339  50826  106444 80544  96396  119544 75676  39405 12892 68510 42610 58462 81610 37742 1856 1478 9673 2145 7510 1478 7857 537  671  884  634  710  576  647  
P. Nueva Guinea     125535 129684 135574 61414  112547 74718  61414  87601 91750 97640 23480 74613 36784 23480 1485 9672 4234 1584 3124 1478 2134 243  377  590  340  416  282  353  
Austria             106354 99438  66249  105175 62694  112465 105175 68420 61504 28315 67241 24760 74531 67241 2425 8754 9672 9673 3875 9672 1478 567  701  914  664  740  606  677  
Suiza               62789  135214 106384 52463  119544 50826  52463  24855 97280 68450 14529 81610 12892 14529 2875 3543 8754 4234 9467 8754 9672 526  705  850  1006 1500 2100 3010 
Sierra Leona        42592  57521  65574  72644  84462  106852 164752 4292  5721  6574  7264  8462  10652 16452 8757 2145 1478 5430 8457 3543 8754 600  685  798  854  1015 1252 1562 
Togo                2754   3568   5052   6254   7642   10723  15803  274   368   502   624   762   1023  1503  1478 1584 9672 4160 4564 2145 4548 156  256  379  465  608  685  789  
Hong Kong           2528   3460   4550   7555   9845   13454  15987  258   360   450   755   985   1354  1587  9672 9673 8754 8014 1856 3543 4861 257  314  355  402  456  508  576  
Paraguay            1550   2429   3558   4655   7050   8552   12840  150   249   358   465   700   852   1240  8754 4234 3543 4570 1485 2145 2145 18   254  850  908  1504 1809 2500 
Laos                13552  15066  20455  26445  37489  46067  61702  1352  1506  2045  2645  3789  4607  6102  3543 5430 2145 1485 2425 1584 3543 29   30   64   78   98   126  156  
Serbia              64559  75042  86154  97246  120345 154198 175720 6459  7542  8614  9726  12035 15498 17520 2145 4160 2875 4564 2875 9673 2145 65   757  805  852  942  961  1310 
Bulgaria            4562   5482   6752   8044   12043  15427  21836  462   582   672   804   1203  1547  2136  1584 8014 8757 1563 3875 4234 1584 11   25   36   45   95   106  186  
Libia               25594  35541  46255  54421  67944  95230  105564 2594  3541  4625  5421  6794  9520  10564 9673 4570 5031 7958 9467 5430 9673 95   150  258  364  397  428  476  
Libano              7021   12200  15564  16454  18496  25107  36559  701   1200  1564  1654  1896  2507  3659  4234 3124 9152 4321 8457 4160 4234 264  354  406  524  687  820  1025 
El Salvador         75642  82420  94556  102065 125948 146755 165587 7562  8240  9456  10265 12598 14675 16587 7857 2134 5023 5878 4564 8014 5430 45   67   72   86   95   165  250  
Nicaragua           6435   7065   8552   9485   15460  24601  26445  645   765   852   985   1560  2401  2645  2134 2345 6510 1457 1856 4570 4160 429  572  657  726  846  1065 1645 
Kirguistan          4975   6875   4756   8446   9463   16424  18574  495   685   756   846   963   1624  1854  2345 6435 2013 1478 1485 1485 8014 274  368  502  624  762  1023 1503 
Turkmenistan        2540   26482  35440  45040  50512  68624  76758  2540  2682  3540  4500  5012  6824  7658  6435 7846 1485 9672 2425 2425 4570 25   36   45   75   95   134  157  
Dinamarca           3697   5404   6554   8043   9554   13342  15867  369   504   654   803   954   1342  1567  7846 4575 2425 8754 8754 2875 1485 9    24   35   46   70   82   120  
Singapur            46897  58254  62450  72541  75056  84421  98772  4697  5824  6240  7241  7506  8421  9872  4575 3124 2875 3543 3543 8757 1584 132  156  205  265  389  407  602  
R. delCongo         16954  17562  24501  28575  34652  45522  50447  1654  1762  2401  2875  3462  4522  5047  3124 3875 8757 2145 6541 1478 9673 649  752  814  976  1285 1548 1720 
Finlandia           2548   5562   6554   8540   15050  16545  24161  258   562   654   850   1500  1645  2461  3875 9467 1478 1584 2145 9672 4234 46   58   67   80   127  165  274  
Eslovaquia          7541   10253  15542  17352  21054  23454  34482  741   1023  1542  1732  2104  2354  3482  9467 8457 9672 9673 4450 5430 8757 259  351  465  541  694  950  1054 
Noruega             16547  18554  24510  26550  30251  30446  36598  1647  1854  2410  2650  3021  3046  3698  8457 4564 8754 4234 2345 4160 1478 75   138  154  165  189  250  365  
Costa Rica          96445  125774 140505 165504 182054 195540 2507   9645  12574 14005 16504 18204 19540 207   4564 1856 3543 7857 6435 8014 9672 752  820  956  1065 1298 1465 1657 
Palestina           4657   8401   9525   15200  15654  17489  25540  467   801   925   1200  1564  1789  2540  1856 1485 2145 2134 9672 4570 8754 65   78   82   95   156  241  265  
Nueva Zelanda       31665  35142  34561  45051  46853  51703  64521  3165  3542  3461  4501  4683  5103  6421  1485 2425 9546 2345 8754 1485 3543 49   68   75   84   96   164  184  
Irlanda             445    756    1554   2556   3457   4865   5587   45    76    154   256   347   465   587   2425 3543 3124 6435 3543 2425 2145 250  268  350  454  502  682  768  
R. Centroafricana   424    824    1557   2554   3655   5904   8506   24    84    157   254   365   504   806   2875 2145 3875 5879 2145 2875 2134 39   50   65   80   94   132  157  
Oman                1546   2554   3554   4556   5758   8700   15440  156   254   354   456   578   800   1540  8757 1584 9467 1856 1584 8757 2345 467  524  620  741  750  841  982  
Liberia             4556   5952   7552   8542   10455  15404  18244  456   592   752   852   1045  1504  1824  1478 9673 8457 3978 9673 1478 6435 164  172  240  285  342  452  507  
Kuwait              75629  82550  95541  105564 117859 134585 158424 7569  8210  9541  10564 11789 13485 15824 9672 4234 4564 6418 4234 9672 7846 25   52   65   85   150  165  241  
Panama              14586  16455  25441  34565  46552  52441  64457  1456  1645  2541  3465  4652  5241  6457  8754 5430 1856 2013 5430 8754 4575 74   103  154  172  214  254  348  
Mauritania          36495  45662  46552  53564  64552  75624  86432  3645  4562  4652  5364  6452  7524  8632  3543 4160 1485 3520 4160 8754 3124 167  185  241  260  301  356  488  
Croacia             2578   3644   5654   7554   9557   14406  18425  258   364   564   754   957   1406  1825  2145 8014 2425 1584 8014 3543 3875 964  1257 1405 1604 1824 1954 2089 
Georgia             7441   9476   15450  25641  35542  40462  44456  741   946   1540  2641  3542  4062  4456  1584 4570 2875 9673 4570 2145 9467 47   81   95   120  156  179  254  
Eritrea             46825  52051  58597  64255  75442  87524  97452  4685  5201  5897  6425  7542  8724  9752  9673 3124 3705 4234 3124 1584 8457 315  352  381  451  463  513  641  
Uruguay             25574  26547  32441  36455  46651  56582  64458  2574  2657  3241  3645  4651  5682  6458  4234 2013 4812 3124 1856 9673 4564 5    7    14   26   37   45   57   
Bosnia-Herzegovina  35638  36575  40256  47586  54802  64505  74564  357   642   753   954   1450  2045  2465  7857 1485 9642 4562 1485 4234 1856 4    8    15   25   36   50   80   
Puerto Rico         69755  76554  85442  105542 143692 168552 148245 3568  3675  4026  4786  5402  6405  7564  2134 2425 7501 5031 2425 2013 1485 15   25   35   45   57   80   154  
Mongolia            35448  36274  45262  58572  68574  75436  84524  6975  7654  8542  10542 14362 16852 18245 2345 2875 3124 9152 9152 1485 2425 45   52   72   82   105  154  184  
Armenia             1459   2544   3655   4657   6045   9742   14065  3548  3674  4562  5872  6854  7536  8524  6435 8757 3875 5023 5023 2425 8754 759  820  951  1056 1179 1348 1824 
Albania             9451   14040  17855  26455  35754  46452  56424  159   254   363   467   605   942   1065  7846 1478 9467 8457 4210 2875 3543 145  165  251  345  462  521  647  
Catar               144    255    536    455    965    1406   1486   951   1400  1785  2645  3574  4652  5624  4575 9672 8457 1478 3545 8757 2145 345  452  495  534  642  752  863  
Lituania            14     25     36     45     95     106    186    14    25    36    45    95    106   186   3124 8754 4564 9672 1895 1478 1584 258  364  564  754  957  1406 1825 
Jamaica             1240   1586   2558   3644   3917   4420   4746   120   186   258   364   397   420   476   3875 3543 1856 8754 2311 9672 9673 71   96   150  261  352  462  546  
Moldavia            25445  35644  40560  52444  68727  82470  92544  2545  3544  4060  5244  6877  8270  9254  9467 2145 1485 3543 8757 8754 4234 465  521  587  645  752  874  972  
Namibia             4542   6477   74402  8016   9534   10565  11550  452   647   702   806   954   1065  1150  8457 4513 2425 2145 1478 3543 5430 254  287  321  365  465  562  648  
Botsuana            42819  57252  67557  75226  88416  105765 160445 4289  5752  6757  7526  8846  10565 16045 4564 5031 2875 1584 2134 2145 4160 37   64   73   94   140  205  265  
Gambia              247    376    550    632    726    1802   1450   27    36    50    62    76    102   150   1856 6490 6435 9673 2345 9673 8014 358  375  426  486  542  645  764  
Gabon               24445  38441  45457  75559  98835  135755 157584 2445  3841  4547  7559  9885  13555 15758 1485 2750 7846 4234 6435 4234 4570 695  764  842  1042 1432 1652 1845 
Eslovenia           1415   2724   3585   4496   7550   8985   12454  145   274   385   496   750   885   1254  2425 9152 4575 5430 7846 5430 3124 358  367  452  582  684  756  854  
Macedonia del N.    1685   1726   2450   2827   3446   4852   5504   165   176   240   287   346   452   504   2875 5023 3124 4160 4575 4160 9467 19   25   36   47   65   92   105  
Lesoto              25598  4222   65554  85040  87084  95724  102645 2558  4222  6554  8500  8704  9524  10245 8757 4210 3875 8014 3124 8014 8457 95   140  175  265  354  452  524  
Letonia             784    1042   1454   1743   2174   2735   3498   74    102   154   173   214   235   348   1478 3545 9467 4570 3875 4570 4564 4    5    6    15   65   76   16   
Kosovo              1732   7700   7867   7967   8100   10412  12012  750   762   770   780   790   800   420   9672 1895 8457 3124 9467 3124 8457 10   16   28   34   37   20   76   
Guinea-Bisau        4324   7605   7756   7845   7943   12041  12321  740   752   761   771   781   790   680   8754 2311 4564 3124 8457 9467 4564 245  354  400  524  687  870  924  
Barein              1523   7506   7667   7745   7834   12012  12412  730   747   750   760   771   780   746   3543 5879 1856 3875 4564 8457 3543 42   67   70   80   94   105  110  
GuineaE.            1450   7400   7586   7634   7793   10212  11231  720   737   740   750   762   772   753   2145 1856 1485 9467 1856 4564 2145 429  552  657  726  846  1065 1645 
Timor Oriental      1425   7300   7464   7534   7634   12341  12121  715   726   735   745   751   761   820   1584 3978 2425 8457 1485 1856 1584 7    16   20   25   46   63   100  
Trinidad y Tobago   1360   7206   7335   7402   7593   10012  12512  706   717   725   734   742   752   748   9673 6418 1895 4564 2425 1485 9673 245  341  447  759  985  1555 1758 
Estonia             1331   7392   7444   7523   7693   10323  12412  600   706   714   723   732   741   690   4234 2013 2311 3543 9152 3124 1478 15   24   35   46   70   85   124  
Mauricio            1270   7200   7356   7593   7643   10000  11001  590   604   614   624   631   641   651   7857 3520 5879 2145 5023 3875 9672 15   16   40   47   46   52   54   
Suazilandia         1118   7129   7254   7596   7645   12431  13012  586   595   602   613   622   632   479   2134 2875 1856 1584 4210 9467 8754 258  422  654  850  874  954  1045 
Yibuti              1109   7033   7175   7232   7545   10321  11101  572   584   593   603   613   622   610   2345 8757 3978 9673 3545 8457 2134 4    10   15   17   21   23   35   
Fiyi                9990   6992   7055   7124   7235   7341    7930  560   576   583   593   600   611   588   6435 1478 8754 1478 1895 4564 3543 530  542  550  560  570  580  483  
Comoras             8970   6866   6956   7012   7128   7251    8978  559   564   576   585   591   602   827   7846 9672 3543 9672 2311 1856 2145 520  532  541  551  561  590  395  
Chipre              8940   6766   6876   6902   7182   7241    000   543   575   582   595   601   611   498   4575 8754 2145 8754 5879 1485 6950 510  527  530  540  551  580  328  
Reunion             8690   6675   6776   6823   6923   9123    9203  532   545   564   575   581   590   562   3124 3543 1584 2134 1856 2425 3543 500  517  520  530  542  572  584  
Guyana              7870   6565   6666   6743   6823   8412    8593  526   536   542   558   561   578   487   3875 2145 9673 2345 3978 2875 2145 495  506  515  525  531  561  376  
Butan               7490   6455   6565   6625   6723   7421    7943  516   526   532   542   551   560   457   9467 1584 4234 6435 6418 9604 1584 486  497  505  514  522  552  483  
IslasSalomon        7010   6345   6665   6735   6823   6142    6543  505   516   523   533   543   553   665   8457 9673 5430 7846 2013 2013 9673 470  486  494  503  512  541  382  
Macao               6990   6343   6567   6832   6923   7242    8000  495   506   513   523   532   543   382   4564 4234 4160 4575 3520 1485 4234 460  474  484  494  501  541  583  
Luxemburgo          6320   6453   6556   6623   6723   7235    8000  485   495   505   513   521   533   461   1856 3124 8014 3124 7857 2425 3124 456  465  472  483  492  532  493  
Montenegro          6220   6233   6356   6412   6523   7423    8346  475   485   495   523   532   543   423   1485 4562 4570 3875 2134 2875 4562 442  454  463  473  483  522  473  
R. Arabe S. D.      5970   5932   6155   6223   6383   6424    7000  463   477   482   533   542   550   728   2425 5031 3543 9467 2345 8757 9673 430  446  453  463  470  511  418  
Surinam             5870   5865   6055   6120   6203   6421    6632  453   466   473   480   495   500   495   2875 9152 2145 8457 2311 1478 4234 429  434  446  455  461  502  401  
Cabo Verde          5570   5757   5855   5912   6023   7421    7500  440   456   462   473   483   496   376   8757 5023 1584 4564 5879 9672 7857 413  425  432  445  451  511  505  
Malta               5200   5650   5734   5812   5934   6212    6300  430   460   473   483   494   500   463   1478 4210 9673 1856 1856 8754 2134 402  415  424  435  441  590  283  
Brunei              4770   5555   5621   5712   5834   7231    8005  420   470   483   491   502   513   384   9672 3545 4234 1485 3978 3543 2345 396  406  412  428  431  578  587  
Belice              4190   5540   5653   5714   5755   6341    7034  410   485   492   503   511   520   435   8754 1895 7857 2425 6418 2145 6435 386  396  402  412  421  560  638  
Bahamas             3890   5454   5534   5712   5834   6222    6236  300   314   322   344   352   360   276   3543 2311 2134 5741 2013 6950 7846 375  386  393  403  413  553  183  
Guadalupe           3870   5454   5534   5612   5734   5834    5900  290   302   312   324   331   345   289   2145 4160 2345 2013 3124 4856 4575 365  376  383  393  402  543  593  
Maldivas            3850   5300   5434   5524   5634   5722    5800  280   293   304   315   321   334   257   1584 8014 2311 1485 3875 3543 3124 355  365  375  383  391  443  611  
Islandia            3700   5354   5443   5512   5636   6444    6900  270   284   292   304   312   326   403   9673 4570 5879 2425 9467 2145 3875 345  355  365  373  382  443  494  
Martinica           3650   4900   5034   5124   5232   6411    6700  260   274   282   294   304   310   302   4234 3543 1856 2875 8457 1584 9467 333  347  352  363  372  430  385  
Vanuatu             3240   4800   4932   5012   5120   6141    6400  250   264   274   284   292   300   253   7857 2145 3978 8757 4564 9673 3978 323  336  343  350  365  430  363  
Guayana F.          2920   4700   4893   4912   5012   6453    6453  240   253   262   276   284   290   263   2134 1584 6418 1478 1856 4234 6418 310  326  332  343  353  436  204  
Barbados            2870   4600   4729   4801   4934   6232    6260  230   244   254   262   271   280   178   2345 9673 2013 9672 1485 7857 2013 300  310  323  333  344  430  573  
Mayotte             2850   4500   4600   4701   4820   5232    6421  220   232   244   250   261   270   463   6435 4234 3520 8754 2425 2134 3520 290  300  313  321  332  423  182  
Polinesia Francesa  2800   4400   4500   4612   4798   6133    6400  210   223   232   242   253   263   1039  7846 1856 2875 3543 2875 2345 2875 280  295  302  313  321  410  476  
Nueva Caledonia     2720   4346   4400   4500   4600   5192    5400  200   219   221   234   242   250   102   4575 1485 8757 2145 2101 2875 8757 270  284  292  304  312  410  473  
Santo Tome y P.     2100   4347   4432   4500   4704   4812    4900  190   200   211   220   232   241   356   3124 2425 1478 1485 1564 8757 5840 260  272  282  294  301  415  453  
Samoa               2030   4289   4342   4400   4504   6121    6251  180   190   202   218   223   230   277   3875 5023 9672 2425 9152 1478 3543 250  263  274  285  291  324  452  
Santa Lucia         1840   4250   4323   4412   4503   7129    7400  170   180   190   200   212   220   195   9467 4210 8754 2875 5023 9672 2145 240  254  262  274  282  326  261  
Guam                1740   4175   4234   4310   4434   5012    5200  160   172   180   194   202   210   298   8457 3545 3543 8757 4210 8754 1584 230  244  252  264  274  310  402  
Curazao             1570   3900   4000   4124   4232   4912    5100  150   160   170   184   191   201   184   2134 1895 2145 3124 3545 3543 9673 220  234  244  254  262  300  162  
Kiribati            1250   3800   3900   4021   4120   4221    4232  140   155   162   173   189   190   141   2345 2311 1584 3875 1895 2145 6517 210  223  232  246  254  290  493  
Aruba               1264   3600   3700   3812   4012   4200    4500  130   144   150   164   172   180   593   6435 5879 9673 9467 2311 1584 2875 200  214  224  232  241  280  271  
Granada             1130   3500   3600   3701   3912   4000    4120  120   130   144   150   162   170   189   7846 1856 4234 8457 5879 9673 8757 190  202  214  220  231  270  503  
SV. y las Granadin  1132   3400   3500   3601   3812   5000    5102  110   120   131   140   151   162   115   4575 3978 8641 4564 1856 4234 1478 180  193  202  212  223  263  477  
Jersey              1424   3380   3400   3581   3638   5221    5300  100   110   122   132   140   150   151   2345 6418 1204 1856 3978 3124 9672 170  189  191  204  212  250  162  
Micronesia          1232   3330   3496   3512   3712   4112    5125  90    100   111   122   130   140   243   6435 2013 9607 1485 6418 4562 8754 160  170  181  190  202  241  467  
I. V. Americanas    1042   3319   3335   3401   3501   3600    3700  80    90    101   112   120   132   84    7846 3520 7854 2425 2013 5031 3543 150  160  172  188  193  230  121  
Tonga               9931   3240   3300   3389   3401   4600    4700  70    80    91    108   101   110   92    4838 1372 1838 4626 1948 9732 4623 140  150  160  170  182  220  470  